11,21
11,9
8,7
8,10
8,9
8,13
14,6
14,1
14,5
152,6
152,5
152,4
152,3
152,2
152,1
152,0
151,5
151,4
151,3
151,2
151,1
151,0
150,3
150,2
150,1
150,0
149,3
149,2
149,1
149,0
148,5
148,4
148,3
148,2
148,1
148,0
147,4
147,3
147,2
147,1
147,0
146,3
146,2
146,1
146,0
145,5
145,4
145,3
145,2
145,1
145,0
144,3
144,2
144,1
144,0
143,5
143,4
143,3
143,2
143,1
143,0
142,3
142,2
142,1
142,0
141,4
141,3
141,2
141,1
141,0
140,4
140,3
140,2
140,1
140,0
139,6
139,5
139,4
139,3
139,2
139,1
139,0
138,3
138,2
138,1
138,0
137,4
137,3
137,2
137,1
137,0
136,4
136,3
136,2
136,1
136,0
135,3
135,2
135,1
135,0
134,4
134,3
134,2
134,1
134,0
133,8
133,7
133,6
133,5
133,4
133,3
133,2
133,1
133,0
131,3
131,2
131,1
131,0
130,3
130,2
130,1
130,0
129,3
129,2
129,1
20,3
20,2
20,1
19,3
19,2
19,1
18,3
18,1
14,3
13,3
13,1
12,3
12,2
12,1
11,29
11,25
11,23
11,17
11,12
11,11
11,7
11,3
11,2
11,1
10,274
10,264
10,254
10,198
10,196
10,136
10,3
10,2
10,1
9,7
9,6
9,4
9,3
9,2
9,1
8,17
8,15
8,11
8,5
8,4
8,3
8,2
8,1
